4867674949494949494949494949494949494949494949494949494949494949494949525252525252525252525252525252
6730141414141414141414141414141414141414141414141414141414141414141414141414141414141414141414141452
6714313114141414141431311414313114141414141431311414313114141414141431311414313114141414141431311452
6714313114141414141431311414313114141414141431311414313114141414141431311414313114141414141431311452
6714141414141414141414141414141414141414141414141414141414141414141414141414141414141414141414141452
6714141414141414141414141414141414141414141414141414141414141414141414141414141414141414141414141452
6714141414141414141414141414141414141414141414141414141414141414141414141414141414141414141414141452
6714141414141414141414141414141414141414141414141414141414141414141414141414141414141414141414141452
6714141414141414141414141414141414141414141414141414141414141414141414141414141414141414141414141452
6714141414141414141414141414141414141414141414141414141414141414141414141414141414141414141414141452
6714313114141414141431311414313114141414141431311414313114141414141431311414313114141414141431311452
6714313114141414141431311414313114141414141431311414313114141414141431311414313114141414141431311452
6714141414141414141414141414141414141414141414141414141414141414141414141414141414141414141414141452
6714141414141414141414141414141414141414141414141414141414141414141414141414141414141414141414141452
6714141414141414141414141414141414141414141414141414141414141414141414141414141414141414141414141452
6714313114141414141431311414313114141414141431311414313114141414141431311414313114141414141431311452
6714313114141414141431311414313114141414141431311414313114141414141431311414313114141414141431311452
6714141414141414141414141414141414141414141414141414141414141414141414141414141414141414141414141452
6714141414141414141414141414141414141414141414141414141414141414141414141414141414141414141414141452
6714141414141414141414141414141414141414141414141414141414141414141414141414141414141414141414141452
6714141414141414141414141414141414141414141414141414141414141414141414141414141414141414141414141452
6714141414141414141414141414141414141414141414141414141414141414141414141414141414141414141414141452
6714141414141414141414141414141414141414141414141414141414141414141414141414141414141414141414141452
6714313114141414141431311414313114141414141431311414313114141414141431311414313114141414141431311452
6714313114141414141431311414313114141414141431311414313114141414141431311414313114141414141431311452
6714141414141414141414141414141414141414141414141414141414141414141414141414141414141414141414141452
6749494949494949494949494949494949494949494949494949494951494949494949525252525252525252525252525252
6767676767676767676767676767676767676767676767676767676751676767676767525252525252525252525252525252
6767676767676767676767676767676767676767676767676767676751515151515151515151515151515152525252525252
6767676767676767676767676767676767676767676767676767676767676767676767525252525252525152525252525252
6767676767525252525252525252525252525252525252525252525252525252525252525252525252525152525252525252
6767676767521414141414141414141414141452523114141414141414141414143152521414141414141414141414141452
6767676767521414081414081414081414141452521414311414141414141431141452521408081414141414141408081452
6767676767521408081414081414140814141452521414141431141414311414141452521414141414141414141414141452
6767676767520814141408141414081414081451511414141414143114141414141452521414141414080808141414141452
6767676767521414140814141408141408141452521414141431141414311414141452521414141414080808141414141452
6767676767521414081414140814140814141452521414311414141414141431141452521414141414141414141414141452
6767676767521408141414081414081414081452521414141414143114141414141452521408081414141414141408081452
6767676767521414141408141408141408141452521414141414143114141414141452521414141414141414141414141452
6767676767525252525252525152525252525252525252525252525252525252525252525252525252525152525252525252
6767676767525252525252525152525252525252525252525252525252525252525252525252525252525152525252525252
6767676767521414141314141413141414131452521414141414141414141414141452521414141414141414141414141452
6767676767521413141414131414141314141452521414323214141414141414141452521414151714141414141517141452
6767676767521414141314141413141414131452521414141414141414143232141452521414333514141414143335141452
6767676767521413141414131414141314141451511414141414143214141414141451511414141414140814141414141452
6767676767521414141314141413141414131452521414323214143214141414141452521414141414140814141414141452
6767676767521413141414131414141314141452521414141414141414141414141452521414151714141414141517141452
6767676767521414141314141413141414131452521414141414141414143232141452521414333514141414143335141452
6767676767521413141414131414141314141452521414141414141414141414141452521414141414141414141414141452
6767676767525252525252525252525252525252525252525252525152525252525252525252525252525252525252525252
6767676767676767676767676767676767676767525252525252525152525252525252676767676767676767676767676750
6767676767676767848585858585866767676767523434343434343434343434343452676767676784858585858586676767
6767676767676767834849494950876767676767523434343434343434343434343452676767676783484949495087676767
6767676767676767836788888867876767676767523434343434343434343434343452676767676783678888886787676767
6767676767676767836788318867871414141414513434343434343434343434343451141414141483678831886787676767
6767676767676767836788888867876767676767523434343434343434343434343452676767676783678888886787676767
6767676767676767836667676768876767676767523434343434343434343434343452676767676783666767676887676767
6767676767676767808181818181826767676767523434343434343434343434343452676767676780818181818182676767
6767676767676767676767676767676767676767523434343434343434343434343452676767676767676767676767676767
6767676767676767676767676767676767676767525252525252525152525252525252676767676767676767676767676768
6767676767525252525252525252525252525252525252525252525152525252525252525252525252525252525252525252
6767676767521431143114311431143114311452521414141414141414141414141452521414141414141414141414141452
6767676767521414141414141414141414141452521415161714141414141413131452521431311414141414141431311452
6767676767521431143114311431143114311452521433223514141414141413131452521414141414141414141414141452
6767676767521414141414141414141414141451511414141414141414141414141451511414141414143131141414141452
6767676767521431143114311431143114311452521414141414141414141414141452521414141414141414141414141452
6767676767521414141414141414141414141452521413131414141414141413131452521414141414141414141414141452
6767676767521431143114311431143114311452521413131414141414141413131452521431311414141414141431311452
6767676767521414141414141414141414141452521414141414142414141414141452521414141414141414141414141452
6767676767525252525252525252525252525252525252525252525252525252525252525252525252525252525252525252
