363737373737373737373737373737373737373737373737373737373737373737373737373737373737373738
555858585858585858585858585858585858585858585858585858585855555820205858585858585820205855
555858585858585858585858585858585858585858585858585858585855555820205858585858585820205855
555858585858585858585858585858585858585858585858585858585855555858585858205820585858585855
555858585858585858585858585858585858585858585858585858585800005858585858585858585858585855
555858585858585858585858585858585858585858585858585858585855555858585858205820585858585855
555858585858585858585858585858585858585858585858585858585855555820205858585858585820205855
555858585858585858585858585858585858585858585858585858585855555820205858585858585820205855
555555555555550055555555555555555555555555555555555555555555555555555555550055555555555555
555555555555550055555555555555555555555555555555555555555555555555555555550055555555555555
550202020202020202020202020255555858585858585858585858585855555858585858585858585858585855
550202020202020202020202020255555803055858585858585803055855555801585801585858015858015855
550202020202020202020202020255555821235858585858585821235855555858585858585858585858585855
550202020202020202020202020255555858585803055803055858585800005801585801585858015858015855
550202020202020202020202020255555858585821235821235858585855555858585858585858585858585855
550202020202020202020202020255555803055858585858585803055855555801585801585858015858015855
551802020202020202020202020255555821235858585858585821235855555858585858585858585858585855
545555555555555555555555555555555555555555550055555555555555555555555555555555555555555555
585858585858585858585858585858555555555555550055555555555555585858585858585858585858585858
585858585858585858585858585858555858195858585858585858195855585858585858585858585858585858
585858585858585858585858585858555819585858195858585819585855585858585858585858585858585858
585858585858585858585858585858555858585819585858581958585855585858585858585858585858585858
585858585858585858585858585858555858581958585858195858585855585858585858585858585858585858
585858585858585858585858585858555858195858585819585858195855585858585858585858585858585858
585858585858585858585858585858555819585858581958585819585855585858585858585858585858585858
585858585858585858585858585858551958585858585858581958585855585858585858585858585858585858
585858585858585858585858585858555555555555550055555555555555585858585858585858585858585858
363737373737373737373737373755555555555555550055555555555555373737373737373737373737373738
550606060606060606580658060655550101010101015801010101010155555858585858585858585858585855
550606060658065806580658060655550101010158585858580101010155555858585858202020585858585855
550606580658065806580658065855550101585858585858585858010155555858585858585858585858585855
555858585858585858585858585800005858585858585858585858585800005858202020585858202020585855
550606580658065806580658065855555858585858585858585858585855555858585858585858585858585855
550606060658065806580658060655555858015858585858585801585855555858585858202020585858585855
550606060606060606580658060655555858585858585858585858585855555858585858585858585858585855
555555555555555555555555555555555555555555555555555555555555555555555555550055555555555555
585858585858585858585858585855555555555555555555555555555555555555555555550055555555555555
585858585858585858585858585855555858585858585858585858585855555858585858585858585858585855
585858585858585858585858585855555803040558585858585801015855555858191919191919191919585855
585858585858585858585858585855555821222358585858585801015855555858195858585858585819585855
585858585858585858585858585855555858585858585858585858585800005858195858585858585819585855
585858585858585858585858585855555801015858585858585801015855555858195858585858585819585855
585858585858585858585858585855555801015858585858585801015855555858191919191919191919585855
585858585858585858585858585855555858585858581858585858585855555858585858585858585858585855
585858585858585858585858585854555555555555555555555555555555555555555555555555555555555556
