4243434343434343434343434343434343434343434343434343434343434343434343434343434343434343440202
6102020202020202020202020202616102020226020202020226020202616102020202020207020202020202610202
6102020202250202022502020202616102020202020202020202020202616102020202020202020202020202610202
6102020202020202020202020202616102020202020202020202020202616102020202020202020202020202610202
6102020202020225020202020202020202020226020226020226020202020202020207020207020207020202610202
6102022502020202020202250202616102020202020202020202020202616102020202020202020202020202610202
6102020202020202020202020202616102020202020202020202020202616102020202020202020202020202610202
6102250202020202020202022502616102020226020202020226020202616102070202020202020202020702610202
6161616161616102616161616161616161616161616102616161616161616161616161616102616161616161610202
6161616161616102616161616161616161616161616102616161616161616161616161616102616161616161610202
6102020202020202020202020202616102020202020202020202020202616169126969696912696969691212610202
6102091102020202020202091102616102020202020202020202020202616169121212121212691269691269610202
6102272902020202020202272902616102020202260202022602020202616169126969691269691212121269610202
6102020202091102091102020202616102020202020202020202020202616112126912691212121269691269610202
6102020202272902272902020202616102022602020226020202260202616169121212696969696969691269610202
6102020202020202020202020202616102020202020202020202020202616169696969121212121212121269610202
6102020202020202020202020202616102020202020202020202020202616169696969126912696969696969610202
6161616161616102616161616161616161616161616102616161616161616161616161616102616161616161610202
6161616161616102616161616161616161616161616102616161616161616161616161616102616161616161610202
6102020202020202020202020202616102020202020202020202020202616125022502250202022502250225610202
6145470202020202020202024547616102070202020207020202020702616102020202020202020202020202610202
6163650202020202020202026365616102020202020202020202020202616102250225022502250225022502610202
6102020202020202020202020202616102020202070202020702020202616102020202020202020202020202610202
6102020202020202020202020202616102020202020202020202020202616125022502250225022502250225610202
6102020245470202024547020202616102070202020702070202020702616102020202020202020202020202610202
6102020263650202026365020202616102020202020202020202020202616102250225022502250225022502610202
6161616161616161616161616161616161616161616102616161616161616161616161616161610261616161610202
6161616161616161616161616161616161616161616102616161616161610202020202020202610261020202020202
6102020202020202020202020202616102020202020202020202020202610202020202020202610261020202020202
6102020702020202020202070202616102022502020202020202250202610202020202020202610261020202020202
6102020202020702070202020202616102020202020202020202020202610202020202020202610261020202020202
6102020202020202020202020202020202020202020225020202020202610202020202020202610261020202020202
6102020202020702070202020202616102020202020202020202020202610202020202020202610261020202020202
6102020702020202020202070202616102022502020202020202250202610202020202020202610261020202020202
6102020202020202020202020202616102020202020202020202020202610202020202020202610261020202020202
6161616161616102616161616161616161616161616161616161616161620202020202020202610261020202020202
6161616161616102616161616161610202024261616161616161616161434343434343434343610261434343434344
6102020202020202020202020202610202026102020202020202020202020202020202020202020202020202020261
6102091011020202020202070702610202026102020202020202020202020202020202020202020202020202020261
6102272229020202020202070702610202026102020202020202020202020202020202020202020202020202020261
6102020202020202020202020202610202026102020202020202020202020202020202020202020202020202020261
6102070702020202020202070702610202026102020202020202020202020202020202020202020202020202020261
6102070702020202020202070702610202026102020202020202020202020202020202020202020202020202020261
6102020202020224020202020202610202026124020202020202020202020202020202020202020202020202020261
6061616161616161616161616161620202026061616161616161616161616161616161616161616161616161616162
