365555555555555555555555555555555555555555555555555555555555555555555555555555555555555538
550202020202190202020202020255550202020203050203050202020255555858195858585858585858195855
550202021902020202020202020255550203050221230221230203050255555819585858195858585819585855
550202190202020202020202020255550221230202020202020221230255555858585819585858581958585855
551902020202020202020202020202020202020202020202020202020202025858581958585858195858585855
550202190202020202020202020255550203050202020202020203050255555858195858585819585858195855
550202021902020202020202020255550221230203050203050221230255555819585858581958585819585855
550202020202190202020202020255550202020221230221230202020255551958585858585858581958585855
555555555555555555555555555555555555555555550255555555555555555555555555550255555555555555
545555555555555555555555555556555555555555550255555555555555555555555555550255555555555555
363737373737373737373737373738550202020202020202020202020255550202020202020202020202020255
551802020202020202020202020255550202200202020202020220020255550202010102020202020101020255
550202020202020202020202020255550202200202202020020220020255550202020202020102020202020255
550202020202020202020202020255550202200202200220020220020255550202010102020202020101020255
550202020202020202020202020255550202200202202020020220020255550202020202020102020202020255
550202020202020202020202020255550202200202020202020220020255550202010102020202020101020255
550202020219020202190202020255550202020202020202020202020255550202020202020202020202020255
550219020202020202020202190255555555555555550255555555555555555555555555550255555555555555
550202021902020202021902020255555555555555550255555555555555555555555555550255555555555555
550202020202190219020202020255550202020202020202020202020255550202020202020202020202020255
550202020202020202020202020255550201010202010101020201010255550220020202020202020202200255
551902190219020202190219021955550202020202020202020202020255550202020220020202200202020255
550202020202020202020202020255550202010102010201020101020255550202020202022002020202020255
550219021902190219021902190255550202020202020202020202020255550202020220020202200202020255
550202020202020202020202020255550201010202010101020201010255550220020202020202020202200255
551902190219020202190219021955550202020202020202020202020255550202020202020202020202020255
555555555555550255555555555555555555555555550255555555555555555555555555550255555555555555
555555555555550255555555555555555555555555550255555555555555555555555555550255555555555555
550202020220020202200202020255550202020202020202020202020255550202020202020202020202020255
550202200202020202020220020255550219020202020202020202190255551902020202020202020202190255
552002020202020202020202022055551902020202020202020202021955550202190202020202190202020255
550202020202200220020202020202020202020202020202020202020255550202020202190202020202020255
552002020202020202020202022055551919190202020202020219191955550202190202020202190202020255
550202200202020202020220020255551919191919020202191919191955551902020202020202020202190255
550202020220020202200202020255551919191919190219191919191955550202020202020202020202020255
545555555555555555555555555555555555555555555555555555555555555555555555550255555555555555
020202020202020202020202020202555555555555555555555555555555555555555555550255555555555555
020202020202020202020202020202550202020202020202020202020255550202020202020202020202020255
020202020202020202020202020202550203040502020202020201010255550201020202020202020202020155
020202020202020202020202020202550221222302020202020201010255550202020201020202020201020255
020202020202020202020202020202550202020202020202020202020202020202020202020201020202020255
020202020202020202020202020202550201010202020202020201010255550202020201020202020201020255
020202020202020202020202020202550201010202020202020201010255550201020202020202020202020155
020202020202020202020202020202550202020202021802020202020255550202020202020202020202020255
020202020202020202020202020202545555555555555555555555555555555555555555555555555555555555
