02020202020202020202020202020202020202020202020202020202020202426161616161616161616161616161616161440202026161616161616161616161616161616161616161616161616102020261616161616102020202020202020242616161616161616161616161616161616161616161616155
02020202020202020202020202020202020202020202020202020202020202616161616161616161616161616161616161610202026161616161616161616161616161616161616161616161616102020261616161616102020202020202020261616202020202020202020202020202020202020260616155
02020202020202020202020202020202020202020202020202020202020202616161616161616161616161616161616161610202026161616161616161616161616161616161616161616161616102020261616161616102020707070707020261610226020226020202020202020202022602022602616155
02020202020102027273737373737373737373737373737373737373737374606161616161616161616161616161616161620202026161616161616161616161616161616161616161616161616202020261616161616102020202020202020261610202202002020245282828284702020220200202616155
02020202020202027569696969555555555555555555555555556969696976020202020202020202020202020202020202020202026161616161616202020202020202020202020202020202020202020261616161616102020202070202020261610202202002020263222222226502020220200202616155
02020202020202027569696969555555555555555555555555556969696976020202020202020202020202020202020202020202026161616161620202020202020202020202020202020202020202020261616161616202020202070202020261610226020226020202020202020202022602022602616155
02020102020202027569696969550202020202020202020202556969696976020207020202020202020202020202020202020202026061616162020202070202020202020202020202020202020202020260616161620202020202020202020261610202020202020305020202020305020202020202616155
02020202020202027569696969550202020202020202020202556969696976020202020202020207020202020207020202020202020260616202020202020202020202070202020202070202020202020202606162020202020707070707020261614402091102022123020202022123020209110242616155
02020202020202027569696969550202020245464702020202556969696976020202020202020202020202020202020202020202020202020202020202020202020202020202020202020202020202020202020202020202020202020202020261616144272902020202020202020202020227294261616155
02020202020102027569696969550202020263226502020202556969696976020202020207020202020202020202020207020202020202020202020202020202070202020202020202020202070202020202020202020202020202020202020261616161440202020202020202020202020202426161616155
02020202020202027569696969550245470202020202454702556969696976020202020202020202027273740202020202020202020202020202020202020202020202020272737402020202020202020202020202020202020202020202020261616161614343434343432424434343434343616161616155
02020202020202027569696969550263650202020202636502556969696976020202020202020202021212120202020202020202020202020202020202020202020202020212121202020202020202020202020202020202070202020207020261616161616161616161612424616161616161616161616155
02020102020202027569696969550202020202020202020202121212121212120202020202020202027778790202020202020202020242430202020202020202020202020277787902020202020202020202424302020202020202020202020261616161616161616161612424616161616161616161616155
02020202020202027569696969550202020202020202020202121212121212120202020207020202020202020202020207020202024261614302020202020202070202020202020202020202070202020242616143020202020202020202020261616161616161616161612424616161616161616161616155
02020202020202027569696969550202020202020202020202556969696976020202020202020202020202020202020202020202426161616143020202020202020202020202020202020202020202024261616161430202070202020207020260616161616161616161612424616161616161616161616255
02020202020102027569696969550202020202020202020202556969696976020202020202020207020202020207020202020242616161616161430202020202020202070202020202070202020202426161616161614302020202020202020226260202020207070202200202200202070702020202020255
02020202020202027569696969555555555518181855555555556969696976020207020202020202020202020202020202024261616161616161614402070202020202020202020202020202020242616161616161616144020202020202022626020202020207070202202020200202070702020202020255
02020202020202027569696969555555555518181855555555556969696976020202020202020202020202020202020202426161616161616161616144020202020202020202020202020202024261616161616161616161440202020202262602020202020202020202020202020202020202020202020255
02020102020202027569696969696969696964646469696969696969696976424343434343434343434343434343434343616161616161616161616161434343434343434343434343434343436161616161616161616161614402020226260202020202020202020202020202020202020202020202020255
02020202020202026969646464646464646464646469696969696969696976616161616161616161616161616161616161616161616161616161616161616161616161616161616161616161616161616161616161616161616143442626020202020202020202020202020202020202020202020202020255
02020202020202027569646464646464646464646469696969696969696976020202020202020202020202020202020202606161616161620202020202020202606161616161620202020202022502020202020202026061616161612602020202020207070202020202020202020202020202070702020255
02020202020202027569646469696969696969696969696969696969696976020202020225250202020202022525020202026061616162020202020202020202026061616162020202020202020202020202020202020260616161620202020202020207070202020202020202020202020202070702020255
38020202020202027778646478787878786969696969787878787878787879020202020202020202020202020202020202020260616202020202020202020202020260616202020202020202020202022502020202020202606162020202020202020202020202020202020202020202020202020202020255
55020202020202020202020202020202387069696971020202020202020202020202020202020202252502020202020202020202020202020202070707020202020202020202020202020202022502022502020202020202262626020202020202020202020202020202020707020202020202020202020255
55020202010202020202020201020202553875697602020202020225020225250202020202020202020202020202020202020202020202020202070707020202020202020202020202020202020202020202020225020202262626020202020202020202020202020202020707020202020202020202020255
55020202020202020202020202020202555569697602022502020202020202020202020225022502250225022502250202020202020202020202070707020202020202020202020202020202020202020202020225020202262626020202020202020202020202020202020202020202020202020202020255
55020202020202020102020202020202555569697602022502020202020202020202020202250225022502250225022502020202020202020202070707020202020202020202020202020202020202020202020202020202262626020202020202020202020202020202020202020202020202020202020255
55020202020202020202020202020202555569697602020202020225020225250202020202020202020202020202020202020242434402020202020202020202020242434402020202020202022502022502020202020202424344020202020202020207070202020202020202020202020207070202020255
55020202010202020202020201020202555569697602020202020202020202020202020202020202020202020202020202024261616144020202020202020202024261616144020202020202020202022502020202020242616143440202020202020207070202020202020202020202020207070202020255
55020202020202020202020202020202555569697602020202020202020202020202020202020202020202020202020202426161616161020202020202020202426161616161440202020202020202020202020202024261616161614402020202020202020202020202020202020202020202020202020255
55020202020202020202020202020202555675697642434343252525252525252525252525252525020202252525252525616161616161020202020202020242616161616161614402020202022502020202020202426161616161616144020202020202020202020202020202020202020202020202020255
55020219190202190202021902020202020275696961616161252525252525252525252525252525020202252525252525616161616161020202020242434361616161616161616143434343434343435555555555555555555555555555380202020202020202020202020707020202020202020202020255
54021919190202190202020202020202020275696961616161616161616161616161616161616161020202616161616161616161616161020202020261616161616161616161616161616161616161615555555555555555555555555555553802020202020202020202020707020202020202020202020255
02020202020202190202020202020202190275696960616161616161616161616161616161616162020202616161616161616161616161020202020261616161616161616161616161616161616161615555555555555555555555555555555538020202020202020202020202020202020202020202020255
02020202020202190202191919020202190275697602020202020202020202020202020202020202020202616161616161616161616162020202020261616161616161616161616161616161616161615555555555555555555555555555555555380202020202020202020202020202020202020202020255
19020202190202190202020202020202190275697602020202020202020202020202020202020202020202616161616162020202020202020202020261616161616161616161616161616161616161615555555555555555555555555555555555553737373737373737373737373737373737373737373755
19020202190202020202020202020202190275697602020702020202020202020202020202020202020202606161616202020209101102020202020261616161616161616161616161616202020202020202025455555555555555555555555555555555555555555555555555555555555555555555555555
19020202190202020202020202020202190275697602020202020202020702020202020702020202020202026061620202020227222902020202020261616161616161616161616161620202020202021902020254555555555555555555555555555555555555555555555555555555555555555555555555
19020202190202191919020202191919190275697602020202020202020202020202020202020202020202020202020202020202020202020202020260616161616161616161616162020202020202020202020202545555555555555555555555555555555555555555555555555555560202394041025555
19020202190202190202020202020202190275697602020202020702020202020202020202020702020202020202020202020202020202020202020202606161616161616161616202020207020202020202010202025455555555555555555555555555555556025455555555555556020202572259025555
19020202020202191902020202020202191975697602020202020202020202727374020202020202020202020202020202020202020202020202020202026061616161616161620202020202020202020202020202020254560202025455555555555555555602020254555555555602020202020202025555
19020202020202021902021902020202020212121202020202020202020202121212020202020202020202020202020202020202020202020202020202020202020202020202020202020202020202070102020202020202020202020254555555555555560202020202545555560202020202020202025555
19020202190202021902021902020202020212121202020202020202020202777879020202020202020202024243020202020202020202020202020202020202020202020202020202020202020202020202020202020202020202020202020202020202020202020202020202020202020202020202025555
19020219191919021902021902020202191975697602020202020702020202020202020202020702020202426161430202020202020202020202020202020202020202020202020202020207020202020202010202020202020202020202020202020202020202020202020202020202020202020202025555
19020219020219021902021902021919191975697602020202020202020202020202020202020202020242616161614302020202020202020202020202020243434343434343440202020202020202020202020202023637380202020236373737373737373802020202363738020202020202020202025555
19020219020219191902021902020202191975697602020202020202020702020202020702020202024261616161616143020202020202020202020202020261616161616161614402020202020202020202020202365555553802023655555555555555555538020236555555380202020202020202025555
19020219020202020202021902020202021975697602020702020202020202020202020202020202426161616161616161434343440202020202020202020261616161616161616144020202022502020202020236555555555538365555555555555555555555383655555555553802020202020202025555
19021919020202020202020202020202021975697602020202020202020202020202020202020242616161616161616161616161614402020202020202020261616161616161616161440202020202020202023655555555555555555555555555555555555555555555555555555538020202020202025555
19020019020202020202020202020202191975697642434343434343434343434343434343434361616161616161616161616161616143434343434343434361616161616161616161614343434343433737375555555555555555555555555555555555555555555555555555555555373737373737373755
19191919191919191919191919191919190275696961616161616161616161616161616161616161616161616161616161616161616161616161616161616161616161616161616161616161616161615555555555555555555555555555555555555555555555555555555555555555555555555555555555