6161616161616161616161616161616161616161616161
6161616161616161616161616161616161616161616161
6161616161616161616161616161616161616161616161
6161616161616161616161616161616161616161616161
6161616161616161616161616161616161616161616161
6161616161616161616161616161616161616161616161
6161616161616161616161616161616161616161616161
6161616161252525252525252525252525256161616161
6161616161252689898989898989898926256161616161
6161616161252689898989898989898926256161616161
6161616161252689898989898989898926256161616161
6161616161252689898989898989898926256161616161
6161616161252626255825582558252626256161616161
6161616161250202020202020202020202256161616161
6161616161250202020202020202020202256161616161
6161616161250202020202020202020202256161616161
6161616161250202020202020202020202256161616161
6161616161252402020202020202020202256161616161
6161616161252525252525252525252525256161616161
6161616161616161616161616161616161616161616161
6161616161616161616161616161616161616161616161
6161616161616161616161616161616161616161616161
6161616161616161616161616161616161616161616161